
W = 10;
H = 5;
s